ScoreMap
30 47 63 68 61 40 6 -7 -13 -17 -27 -38 -209 -414 -510 -574 -569 -476 -265 -180 -25 -13 -7 17 33 52 259 150 135 180 312 156 -135 -159 78 204 255 174 25 -17 -15 -17 -17 -20 -29 -33 -40 -145 -39 -21 
47 64 69 64 58 38 4 -7 -11 -14 -24 -38 -224 -458 -558 -614 -589 -489 -271 -190 -32 -22 -17 9 16 47 253 162 117 132 168 111 -144 -165 72 171 192 251 19 -14 -14 -12 -16 -17 -19 -22 -28 -35 -32 7 
55 269 63 48 43 5 -2 -6 -9 -11 -16 -32 -224 -466 -575 -627 -582 -465 -256 -190 -142 -28 -29 -133 -100 32 174 150 105 -96 -100 -112 -132 66 117 144 165 35 15 -10 -13 -12 -11 -11 -11 -12 -22 -28 -27 19 
56 57 49 33 -1 -1 0 -3 -5 -8 -9 -22 -187 -402 -499 -551 -510 -401 -220 -172 -139 -130 -141 -147 -130 25 253 168 -90 -119 -126 -123 -106 -99 123 135 -60 29 17 -9 -14 -10 -11 -10 -8 -7 -10 -18 -21 24 
35 45 36 18 -11 -9 -5 -5 -2 0 35 36 -93 -207 -266 -407 -289 -230 -180 -145 -27 -25 -32 -34 -23 23 53 47 -76 -129 -181 -172 -124 -89 -70 22 24 10 -14 -12 -13 -17 10 21 26 19 20 -11 -17 16 
21 31 21 11 -20 -19 -12 -2 4 32 48 53 32 -142 -200 -235 -226 -185 -158 -34 -27 -24 -24 -24 -20 17 46 41 -83 -151 -219 -213 -172 -139 3 5 6 -19 -14 -16 -14 10 14 15 22 27 30 -9 -10 -14 
18 26 25 -100 -136 -34 -19 22 39 51 280 277 51 9 -158 -190 -184 -160 -44 -34 -23 -19 -18 -21 -15 -13 21 25 -108 -196 -228 -230 -191 -141 -28 -25 -24 -21 -14 -11 -13 -15 19 29 35 30 23 -5 -7 -14 
29 36 32 -117 -157 -190 -117 48 60 306 339 369 277 31 -23 -39 -38 -35 -34 -26 -22 -19 -17 -15 -16 -18 -23 -130 -154 -180 -191 -182 -158 -34 -25 -22 -21 -19 -14 -6 -7 23 28 39 34 37 28 -2 -4 17 
43 50 35 -108 -154 -169 -121 174 319 358 364 368 279 38 -14 -21 -24 -26 -28 -26 -22 -20 -18 -16 -16 -19 -29 -38 -146 -146 -37 -39 -35 -29 -23 -22 -23 -22 -13 -6 -1 27 36 37 40 43 32 1 -3 30 
46 55 41 14 -112 -123 -99 186 267 378 356 301 54 27 -10 -15 -19 -26 -29 -27 -22 -19 -17 -13 -13 -18 -27 -34 -36 -34 -28 -26 -25 -23 -20 -21 -24 -24 -17 -9 -2 30 41 42 35 46 35 32 28 32 
56 265 54 39 23 -95 -93 210 252 371 318 260 33 -9 -12 -15 -20 -28 -33 -30 -24 -24 -21 -18 -17 -15 -22 -26 -29 -28 -25 -25 -25 -18 -16 -23 -27 -28 -19 -9 0 3 36 37 38 38 37 34 30 33 
292 319 319 253 -75 -93 141 219 270 345 286 34 6 -19 -19 -15 -19 -27 -32 -31 -30 -25 -22 -20 -20 -19 -25 -28 -31 -34 -31 -32 -29 -26 -22 -23 -27 -27 -21 -9 -3 1 3 4 4 8 7 5 31 41 
283 237 228 168 93 48 129 240 343 320 262 30 -18 -19 -16 -14 -16 -21 -25 -31 -29 -27 -27 -29 -25 -30 -32 -34 -38 -158 -179 -173 -143 -32 -26 -27 -31 -34 -31 -24 -15 -9 -4 -3 1 -1 -3 -4 -3 36 
-72 150 132 45 -136 -366 6 114 174 50 35 17 -13 -12 -12 -11 -12 -13 -16 -24 -27 -29 -35 -36 -41 -146 -167 -165 -169 -196 -223 -210 -150 -24 -18 -21 -32 -140 -160 -145 -29 -18 -10 -7 -9 -14 -16 -16 -14 10 
-96 -97 -130 -208 -450 -490 -406 -178 -100 25 14 -15 -15 -9 -5 -4 -4 -9 -11 -16 -20 -25 -34 -145 -163 -179 -198 -193 -160 -178 -190 -193 -28 -11 -7 -17 -29 -148 -178 -172 -43 -24 -14 -11 -15 -20 -21 -20 -23 -22 
-28 -109 -142 -226 -478 -588 -482 -244 -157 -133 -24 -23 -17 -16 -7 -6 -6 -7 -14 -17 -19 -23 -34 -151 -170 -186 -169 -153 -138 -126 -133 -103 16 -3 -2 -13 -24 -39 -163 -166 -37 -24 -16 -14 -24 -24 -24 -24 -27 -27 
-28 -130 -151 -228 -465 -569 -533 -421 -223 -168 -33 -32 -26 -23 -17 -9 -11 -14 -23 -24 -22 -22 -32 -145 -161 -166 -151 -132 -108 3 10 16 25 29 -4 -13 -21 -33 -43 -145 -34 -26 -21 -23 -33 -31 -30 -30 -28 -31 
-34 -138 -147 -192 -287 -486 -494 -434 -252 -194 -158 -143 -35 -30 -22 -20 -24 -25 -30 -29 -24 -22 -30 -149 -170 -168 -130 -102 5 15 -9 24 25 24 -9 -16 -22 -31 -39 -41 -38 -30 -31 -39 -43 -38 -36 -35 -36 -32 
-26 -27 -29 -138 -197 -245 -263 -257 -218 -173 -146 -39 -35 -28 -28 -29 -35 -38 -152 -146 -34 -32 -146 -194 -221 -210 -178 -112 9 20 -5 -5 23 20 -13 -19 -23 -31 -37 -38 -38 -40 -42 -44 -145 -38 -36 -32 -30 -29 
-21 -16 -17 -21 -28 -143 -158 -170 -167 -143 -36 -30 -28 -30 -36 -42 -163 -188 -206 -186 -156 -147 -177 -234 -267 -258 -208 -154 -21 -8 -1 -1 -5 -9 -18 -25 -25 -31 -35 -35 -35 -36 -37 -38 -37 -37 -35 -31 -27 -20 
-17 -19 -15 -16 -17 -19 -27 -32 -35 -37 -143 -147 -147 -149 -163 -184 -205 -224 -230 -201 -160 -145 -169 -217 -247 -235 -187 -136 -17 -4 2 0 -11 -15 -23 -25 -26 -32 -34 -32 -29 -27 -27 -28 -30 -32 -31 -26 -22 -21 
-25 -25 -27 -21 -17 -14 -19 -22 -27 -37 -173 -203 -206 -200 -200 -209 -209 -206 -200 -171 -141 -24 3 -108 -129 -130 -100 11 20 29 33 -2 -16 -25 -25 -24 -25 -31 -30 -27 -21 -18 -18 -21 -25 -28 -27 -28 -21 -22 
-28 -29 -32 -25 -20 -17 -21 -21 -24 -34 -170 -200 -209 -209 -206 -203 -185 -167 -155 -138 -29 -17 15 22 17 17 20 15 22 38 40 23 -17 -27 -30 -27 -27 -27 -28 -21 -15 -13 -15 -18 -23 -30 -29 -26 -25 -23 
-26 -24 -26 -22 -22 -28 -30 -28 -26 -30 -37 -149 -164 -171 -171 -157 -136 -30 -29 -29 -26 -21 -13 25 21 19 19 13 19 35 25 17 -24 -29 -33 -36 -37 -35 -30 -18 -11 -11 -13 -16 -19 -26 -26 -25 -25 -22 
-21 -19 -13 -16 -21 -32 -36 -33 -28 -26 -26 -28 -33 -33 -27 -24 12 17 -14 -17 -23 -21 -14 13 19 18 9 12 19 23 21 11 -100 -118 -148 -156 -167 -152 -33 -17 -10 -15 -17 -14 -16 -23 -24 -24 -25 -23 
-21 -19 -13 -16 -21 -32 -36 -33 -28 -26 -26 -28 -33 -33 -27 -24 12 17 -14 -17 -23 -21 -14 13 19 18 9 12 19 23 21 11 -100 -118 -148 -156 -167 -152 -33 -17 -10 -15 -17 -14 -16 -23 -24 -24 -25 -23 
-26 -24 -26 -22 -22 -28 -30 -28 -26 -30 -37 -149 -164 -171 -171 -157 -136 -30 -29 -29 -26 -21 -13 25 21 19 19 13 19 35 25 17 -24 -29 -33 -36 -37 -35 -30 -18 -11 -11 -13 -16 -19 -26 -26 -25 -25 -22 
-28 -29 -32 -25 -20 -17 -21 -21 -24 -34 -170 -200 -209 -209 -206 -203 -185 -167 -155 -138 -29 -17 15 22 17 17 20 15 22 38 40 23 -17 -27 -30 -27 -27 -27 -28 -21 -15 -13 -15 -18 -23 -30 -29 -26 -25 -23 
-25 -25 -27 -21 -17 -14 -19 -22 -27 -37 -173 -203 -206 -200 -200 -209 -209 -206 -200 -171 -141 -24 3 -108 -129 -130 -100 11 20 29 33 -2 -16 -25 -25 -24 -25 -31 -30 -27 -21 -18 -18 -21 -25 -28 -27 -28 -21 -22 
-17 -19 -15 -16 -17 -19 -27 -32 -35 -37 -143 -147 -147 -149 -163 -184 -205 -224 -230 -201 -160 -145 -169 -217 -247 -235 -187 -136 -17 -4 2 0 -11 -15 -23 -25 -26 -32 -34 -32 -29 -27 -27 -28 -30 -32 -31 -26 -22 -21 
-21 -16 -17 -21 -28 -143 -158 -170 -167 -143 -36 -30 -28 -30 -36 -42 -163 -188 -206 -186 -156 -147 -177 -234 -267 -258 -208 -154 -21 -8 -1 -1 -5 -9 -18 -25 -25 -31 -35 -35 -35 -36 -37 -38 -37 -37 -35 -31 -27 -20 
-26 -27 -29 -138 -197 -245 -263 -257 -218 -173 -146 -39 -35 -28 -28 -29 -35 -38 -152 -146 -34 -32 -146 -194 -221 -210 -178 -112 9 20 -5 -5 23 20 -13 -19 -23 -31 -37 -38 -38 -40 -42 -44 -145 -38 -36 -32 -30 -29 
-34 -138 -147 -192 -287 -486 -494 -434 -252 -194 -158 -143 -35 -30 -22 -20 -24 -25 -30 -29 -24 -22 -30 -149 -170 -168 -130 -102 5 15 -9 24 25 24 -9 -16 -22 -31 -39 -41 -38 -30 -31 -39 -43 -38 -36 -35 -36 -32 
-28 -130 -151 -228 -465 -569 -533 -421 -223 -168 -33 -32 -26 -23 -17 -9 -11 -14 -23 -24 -22 -22 -32 -145 -161 -166 -151 -132 -108 3 10 16 25 29 -4 -13 -21 -33 -43 -145 -34 -26 -21 -23 -33 -31 -30 -30 -28 -31 
-28 -109 -142 -226 -478 -588 -482 -244 -157 -133 -24 -23 -17 -16 -7 -6 -6 -7 -14 -17 -19 -23 -34 -151 -170 -186 -169 -153 -138 -126 -133 -103 16 -3 -2 -13 -24 -39 -163 -166 -37 -24 -16 -14 -24 -24 -24 -24 -27 -27 
-96 -97 -130 -208 -450 -490 -406 -178 -100 25 14 -15 -15 -9 -5 -4 -4 -9 -11 -16 -20 -25 -34 -145 -163 -179 -198 -193 -160 -178 -190 -193 -28 -11 -7 -17 -29 -148 -178 -172 -43 -24 -14 -11 -15 -20 -21 -20 -23 -22 
-72 150 132 45 -136 -366 6 114 174 50 35 17 -13 -12 -12 -11 -12 -13 -16 -24 -27 -29 -35 -36 -41 -146 -167 -165 -169 -196 -223 -210 -150 -24 -18 -21 -32 -140 -160 -145 -29 -18 -10 -7 -9 -14 -16 -16 -14 10 
283 237 228 168 93 48 129 240 343 320 262 30 -18 -19 -16 -14 -16 -21 -25 -31 -29 -27 -27 -29 -25 -30 -32 -34 -38 -158 -179 -173 -143 -32 -26 -27 -31 -34 -31 -24 -15 -9 -4 -3 1 -1 -3 -4 -3 36 
292 319 319 253 -75 -93 141 219 270 345 286 34 6 -19 -19 -15 -19 -27 -32 -31 -30 -25 -22 -20 -20 -19 -25 -28 -31 -34 -31 -32 -29 -26 -22 -23 -27 -27 -21 -9 -3 1 3 4 4 8 7 5 31 41 
56 265 54 39 23 -95 -93 210 252 371 318 260 33 -9 -12 -15 -20 -28 -33 -30 -24 -24 -21 -18 -17 -15 -22 -26 -29 -28 -25 -25 -25 -18 -16 -23 -27 -28 -19 -9 0 3 36 37 38 38 37 34 30 33 
46 55 41 14 -112 -123 -99 186 267 378 356 301 54 27 -10 -15 -19 -26 -29 -27 -22 -19 -17 -13 -13 -18 -27 -34 -36 -34 -28 -26 -25 -23 -20 -21 -24 -24 -17 -9 -2 30 41 42 35 46 35 32 28 32 
43 50 35 -108 -154 -169 -121 174 319 358 364 368 279 38 -14 -21 -24 -26 -28 -26 -22 -20 -18 -16 -16 -19 -29 -38 -146 -146 -37 -39 -35 -29 -23 -22 -23 -22 -13 -6 -1 27 36 37 40 43 32 1 -3 30 
29 36 32 -117 -157 -190 -117 48 60 306 339 369 277 31 -23 -39 -38 -35 -34 -26 -22 -19 -17 -15 -16 -18 -23 -130 -154 -180 -191 -182 -158 -34 -25 -22 -21 -19 -14 -6 -7 23 28 39 34 37 28 -2 -4 17 
18 26 25 -100 -136 -34 -19 22 39 51 280 277 51 9 -158 -190 -184 -160 -44 -34 -23 -19 -18 -21 -15 -13 21 25 -108 -196 -228 -230 -191 -141 -28 -25 -24 -21 -14 -11 -13 -15 19 29 35 30 23 -5 -7 -14 
21 31 21 11 -20 -19 -12 -2 4 32 48 53 32 -142 -200 -235 -226 -185 -158 -34 -27 -24 -24 -24 -20 17 46 41 -83 -151 -219 -213 -172 -139 3 5 6 -19 -14 -16 -14 10 14 15 22 27 30 -9 -10 -14 
35 45 36 18 -11 -9 -5 -5 -2 0 35 36 -93 -207 -266 -407 -289 -230 -180 -145 -27 -25 -32 -34 -23 23 53 47 -76 -129 -181 -172 -124 -89 -70 22 24 10 -14 -12 -13 -17 10 21 26 19 20 -11 -17 16 
56 57 49 33 -1 -1 0 -3 -5 -8 -9 -22 -187 -402 -499 -551 -510 -401 -220 -172 -139 -130 -141 -147 -130 25 253 168 -90 -119 -126 -123 -106 -99 123 135 -60 29 17 -9 -14 -10 -11 -10 -8 -7 -10 -18 -21 24 
55 269 63 48 43 5 -2 -6 -9 -11 -16 -32 -224 -466 -575 -627 -582 -465 -256 -190 -142 -28 -29 -133 -100 32 174 150 105 -96 -100 -112 -132 66 117 144 165 35 15 -10 -13 -12 -11 -11 -11 -12 -22 -28 -27 19 
47 64 69 64 58 38 4 -7 -11 -14 -24 -38 -224 -458 -558 -614 -589 -489 -271 -190 -32 -22 -17 9 16 47 253 162 117 132 168 111 -144 -165 72 171 192 251 19 -14 -14 -12 -16 -17 -19 -22 -28 -35 -32 7 
30 47 63 68 61 40 6 -7 -13 -17 -27 -38 -209 -414 -510 -574 -569 -476 -265 -180 -25 -13 -7 17 33 52 259 150 135 180 312 156 -135 -159 78 204 255 174 25 -17 -15 -17 -17 -20 -29 -33 -40 -145 -39 -21 

poz initiala: 12 25

mijlocul 5 6
0 11 0 13
